"Date","Price","Open","High","Low","Vol.","Change %"
"07/16/2026","0.180","0.178","0.180","0.178","469.23K","1.69%"
"07/15/2026","0.177","0.174","0.179","0.174","822.77K","2.31%"
"07/14/2026","0.173","0.172","0.173","0.172","74.80K","0.58%"
"07/13/2026","0.172","0.170","0.173","0.170","286.40K","1.18%"
"07/12/2026","0.170","0.170","0.170","0.170","9.98K","-1.16%"
"07/09/2026","0.172","0.165","0.172","0.165","84.85K","0.00%"
"07/08/2026","0.172","0.172","0.172","0.172","110.82K","0.00%"
"07/07/2026","0.172","0.172","0.172","0.172","57.27K","0.00%"
"07/06/2026","0.172","0.170","0.172","0.170","429.75K","1.18%"
"07/05/2026","0.170","0.170","0.170","0.170","76.60K","0.59%"
"07/02/2026","0.169","0.170","0.170","0.169","248.00K","-0.59%"
"07/01/2026","0.170","0.161","0.170","0.161","517.29K","1.80%"
"06/30/2026","0.167","0.165","0.167","0.165","199.54K","1.18%"
"06/29/2026","0.165","0.163","0.166","0.161","595.20K","3.66%"
"06/28/2026","0.159","0.163","0.163","0.159","97.03K","2.50%"
"06/25/2026","0.155","0.163","0.163","0.155","38.83K","-3.03%"
"06/24/2026","0.160","0.157","0.160","0.155","199.85K","0.00%"
"06/23/2026","0.160","0.160","0.162","0.158","236.87K","0.00%"
"06/22/2026","0.160","0.162","0.162","0.160","22.10K","0.00%"
"06/21/2026","0.160","0.160","0.162","0.160","256.08K","0.63%"
"06/17/2026","0.159","0.160","0.160","0.158","68.55K","0.00%"
"06/16/2026","0.159","0.160","0.160","0.159","92.40K","-0.63%"
"06/15/2026","0.160","0.163","0.163","0.160","100.49K","-5.88%"
"06/14/2026","0.170","0.168","0.170","0.168","2.17K","0.59%"
"06/11/2026","0.169","0.162","0.169","0.162","114.90K","0.00%"
"06/10/2026","0.169","0.169","0.169","0.169","102.10K","0.00%"
"06/09/2026","0.169","0.168","0.177","0.168","187.88K","-0.59%"
"06/08/2026","0.170","0.170","0.170","0.170","85.20K","0.00%"
"06/07/2026","0.170","0.170","0.170","0.170","41.50K","-5.03%"
"06/04/2026","0.179","0.179","0.179","0.179","0.11K","6.55%"
"06/03/2026","0.168","0.168","0.168","0.168","20.00K","-6.15%"
"06/02/2026","0.179","0.185","0.185","0.179","70.95K","-3.24%"
"06/01/2026","0.185","0.184","0.185","0.181","85.24K","2.21%"
"05/31/2026","0.181","0.175","0.181","0.175","41.07K","4.62%"
"05/25/2026","0.173","0.173","0.173","0.172","35.00K","1.76%"
"05/24/2026","0.170","0.170","0.170","0.168","50.34K","5.59%"
"05/21/2026","0.161","0.160","0.170","0.160","151.94K","1.26%"
"05/20/2026","0.159","0.166","0.166","0.158","238.96K","-9.14%"
"05/19/2026","0.175","0.175","0.175","0.170","47.00K","-1.13%"
"05/18/2026","0.177","0.178","0.178","0.169","164.94K","-1.12%"
"05/17/2026","0.179","0.175","0.180","0.175","72.30K","2.29%"
"05/14/2026","0.175","0.181","0.181","0.175","155.33K","-3.31%"
"05/13/2026","0.181","0.182","0.182","0.181","45.67K","-0.55%"
"05/12/2026","0.182","0.187","0.187","0.181","81.51K","-1.62%"
"05/11/2026","0.185","0.185","0.185","0.185","5.00K","-0.54%"
"05/10/2026","0.186","0.185","0.187","0.185","194.00K","1.64%"
"05/07/2026","0.183","0.183","0.188","0.183","1.04K","-3.17%"
"05/06/2026","0.189","0.191","0.191","0.189","53.50K","-0.53%"
"05/05/2026","0.190","0.180","0.190","0.180","266.14K","3.26%"
"05/04/2026","0.184","0.188","0.188","0.176","5.56K","-2.13%"
"05/03/2026","0.188","0.172","0.188","0.172","426.36K","4.44%"
"04/30/2026","0.180","0.181","0.181","0.180","12.30K","0.00%"
"04/29/2026","0.180","0.178","0.180","0.178","21.62K","1.69%"
"04/28/2026","0.177","0.176","0.178","0.176","119.33K","0.57%"
"04/27/2026","0.176","0.175","0.176","0.171","220.48K","-1.68%"
"04/26/2026","0.179","0.180","0.180","0.179","6.47K","-1.10%"
"04/23/2026","0.181","0.176","0.181","0.176","6.40K","0.00%"
"04/22/2026","0.181","0.181","0.181","0.181","","0.00%"
"04/21/2026","0.181","0.182","0.182","0.177","189.12K","0.00%"
"04/20/2026","0.181","0.181","0.181","0.180","9.50K","1.12%"
"04/19/2026","0.179","0.185","0.185","0.179","84.90K","-0.56%"
"04/16/2026","0.180","0.189","0.190","0.180","223.73K","-4.26%"
"04/15/2026","0.188","0.197","0.197","0.173","488.01K","-1.57%"
"04/14/2026","0.191","0.186","0.195","0.186","79.21K","0.00%"
"04/13/2026","0.191","0.181","0.197","0.181","368.73K","-3.05%"
"04/12/2026","0.197","0.176","0.199","0.176","986.08K","8.24%"
"04/09/2026","0.182","0.179","0.184","0.178","155.07K","-0.55%"
"04/08/2026","0.183","0.178","0.185","0.178","685.89K","3.39%"
"04/07/2026","0.177","0.184","0.184","0.176","374.85K","-1.12%"
"04/06/2026","0.179","0.167","0.181","0.166","1.49M","8.48%"
"04/05/2026","0.165","0.159","0.165","0.157","3.03M","5.10%"
"04/02/2026","0.157","0.159","0.159","0.157","389.82K","-0.63%"
"04/01/2026","0.158","0.152","0.165","0.152","1.43M","3.95%"
"03/31/2026","0.152","0.144","0.152","0.143","859.88K","7.80%"
"03/30/2026","0.141","0.140","0.141","0.140","96.30K","0.71%"
"03/29/2026","0.140","0.140","0.143","0.140","74.05K","0.00%"
"03/26/2026","0.140","0.141","0.142","0.140","202.67K","0.00%"
"03/25/2026","0.140","0.142","0.142","0.136","241.00K","-1.41%"
"03/24/2026","0.142","0.143","0.144","0.141","118.03K","1.43%"
"03/18/2026","0.140","0.138","0.141","0.132","419.41K","1.45%"
"03/17/2026","0.138","0.140","0.140","0.132","1.30M","0.00%"
"03/16/2026","0.138","0.139","0.139","0.138","52.58K","0.00%"
"03/15/2026","0.138","0.140","0.140","0.138","96.79K","-0.72%"
"03/12/2026","0.139","0.138","0.140","0.138","142.00K","0.72%"
"03/11/2026","0.138","0.140","0.140","0.138","75.25K","0.00%"
"03/10/2026","0.138","0.138","0.140","0.138","438.17K","0.00%"
"03/09/2026","0.138","0.132","0.139","0.132","214.74K","2.22%"
"03/08/2026","0.135","0.138","0.138","0.132","54.58K","2.27%"
"03/05/2026","0.132","0.131","0.133","0.131","6.69M","1.54%"
"03/04/2026","0.130","0.132","0.132","0.123","5.14M","-2.26%"
"03/03/2026","0.133","0.135","0.135","0.133","18.00K","-2.21%"
"03/02/2026","0.136","0.135","0.136","0.132","81.97K","3.03%"
"03/01/2026","0.132","0.134","0.140","0.130","251.06K","-2.94%"
"02/26/2026","0.136","0.137","0.140","0.135","185.35K","-0.73%"
"02/25/2026","0.137","0.138","0.138","0.137","197.74K","-1.44%"
"02/24/2026","0.139","0.138","0.139","0.138","84.80K","1.46%"
"02/23/2026","0.137","0.140","0.140","0.136","109.75K","0.00%"
"02/22/2026","0.137","0.135","0.145","0.135","14.50K","1.48%"
"02/19/2026","0.135","0.138","0.138","0.135","355.71K","-2.17%"
"02/18/2026","0.138","0.134","0.138","0.134","108.03K","2.99%"
"02/17/2026","0.134","0.140","0.140","0.134","316.54K","-2.90%"
"02/16/2026","0.138","0.140","0.140","0.136","230.38K","-1.43%"
"02/15/2026","0.140","0.141","0.141","0.140","391.06K","-0.71%"
"02/12/2026","0.141","0.145","0.145","0.141","683.87K","0.71%"
"02/11/2026","0.140","0.143","0.145","0.140","243.40K","-1.41%"
"02/10/2026","0.142","0.145","0.145","0.142","243.25K","-2.07%"
"02/09/2026","0.145","0.142","0.145","0.142","273.20K","2.11%"
"02/08/2026","0.142","0.138","0.142","0.138","401.04K","2.90%"
"02/05/2026","0.138","0.132","0.138","0.132","197.83K","3.76%"
"02/04/2026","0.133","0.133","0.136","0.133","893.63K","0.00%"
"02/03/2026","0.133","0.133","0.133","0.131","261.87K","1.53%"
"02/02/2026","0.131","0.130","0.131","0.129","1.98M","0.00%"
"02/01/2026","0.131","0.134","0.134","0.130","105.69K","-1.50%"
"01/29/2026","0.133","0.133","0.134","0.131","627.47K","0.76%"
"01/28/2026","0.132","0.130","0.132","0.130","1.78M","1.54%"
"01/27/2026","0.130","0.130","0.133","0.130","2.00M","0.00%"
"01/26/2026","0.130","0.128","0.131","0.128","1.05M","1.56%"
"01/25/2026","0.128","0.130","0.130","0.128","2.38M","-3.03%"
"01/22/2026","0.132","0.130","0.133","0.130","9.54M","1.54%"
"01/21/2026","0.130","0.131","0.131","0.130","63.33K","-1.52%"
"01/20/2026","0.132","0.129","0.135","0.129","283.24K","0.76%"
"01/19/2026","0.131","0.132","0.132","0.129","1.62M","-0.76%"
"01/14/2026","0.132","0.135","0.136","0.130","915.42K","3.12%"
"01/13/2026","0.128","0.135","0.136","0.128","395.45K","-3.76%"
"01/12/2026","0.133","0.129","0.135","0.129","2.49M","3.10%"
"01/11/2026","0.129","0.126","0.129","0.125","411.19K","2.38%"
"01/08/2026","0.126","0.123","0.127","0.123","595.32K","1.61%"
"01/07/2026","0.124","0.128","0.128","0.123","220.81K","-0.80%"
"01/06/2026","0.125","0.127","0.127","0.125","450.45K","-1.57%"
"01/05/2026","0.127","0.124","0.128","0.124","926.20K","3.25%"
"01/04/2026","0.123","0.121","0.124","0.121","751.38K","2.50%"
"01/01/2026","0.120","0.118","0.121","0.118","454.11K","1.69%"
"12/31/2025","0.118","0.119","0.119","0.117","9.86M","-0.84%"
"12/30/2025","0.119","0.116","0.119","0.116","2.78M","1.71%"
"12/29/2025","0.117","0.119","0.120","0.116","428.47K","0.00%"
"12/28/2025","0.117","0.118","0.119","0.116","761.84K","0.86%"
"12/25/2025","0.116","0.113","0.117","0.113","813.30K","2.65%"
"12/24/2025","0.113","0.114","0.114","0.112","1.03M","0.00%"
"12/23/2025","0.113","0.110","0.114","0.110","1.10M","2.73%"
"12/22/2025","0.110","0.107","0.113","0.107","5.47M","3.77%"
"12/21/2025","0.106","0.104","0.107","0.104","800.70K","1.92%"
"12/18/2025","0.104","0.102","0.104","0.102","1.24M","1.96%"
"12/17/2025","0.102","0.101","0.102","0.101","843.46K","2.00%"
"12/16/2025","0.100","0.100","0.100","0.099","1.48M","-0.99%"
"12/15/2025","0.101","0.101","0.102","0.101","234.41K","0.00%"
"12/14/2025","0.101","0.101","0.101","0.100","264.96K","0.00%"
"12/11/2025","0.101","0.101","0.101","0.100","779.95K","0.00%"
"12/10/2025","0.101","0.101","0.101","0.100","92.76K","1.00%"
"12/09/2025","0.100","0.099","0.101","0.099","1.92M","0.00%"
"12/08/2025","0.100","0.100","0.101","0.100","329.32K","0.00%"
"12/07/2025","0.100","0.100","0.100","0.099","138.51K","1.01%"
"12/04/2025","0.099","0.100","0.100","0.099","882.18K","-1.98%"
"12/03/2025","0.101","0.102","0.103","0.099","1.31M","1.00%"
"12/02/2025","0.100","0.098","0.103","0.097","10.32M","2.04%"
"12/01/2025","0.098","0.097","0.099","0.096","553.90K","1.03%"
"11/30/2025","0.097","0.097","0.098","0.097","254.50K","-1.02%"
"11/25/2025","0.098","0.099","0.101","0.096","3.55M","-2.00%"
"11/24/2025","0.100","0.101","0.101","0.100","594.90K","0.00%"
"11/23/2025","0.100","0.103","0.103","0.100","814.70K","-1.96%"
"11/20/2025","0.102","0.102","0.102","0.102","69.00K","0.00%"
"11/19/2025","0.102","0.104","0.104","0.102","3.66M","-1.92%"
"11/18/2025","0.104","0.103","0.104","0.103","1.79M","0.00%"
"11/17/2025","0.104","0.103","0.104","0.103","1.76M","0.00%"
"11/16/2025","0.104","0.104","0.104","0.104","30.00K","0.00%"
"11/13/2025","0.104","0.104","0.106","0.104","81.43K","-0.95%"
"11/12/2025","0.105","0.106","0.107","0.103","1.83M","0.00%"
"11/11/2025","0.105","0.108","0.108","0.105","563.99K","-0.94%"
"11/10/2025","0.106","0.103","0.108","0.103","1.32M","2.91%"
"11/09/2025","0.103","0.105","0.105","0.102","41.65K","-1.90%"
"11/06/2025","0.105","0.104","0.105","0.104","24.14K","0.96%"
"11/05/2025","0.104","0.105","0.106","0.104","251.55K","-2.80%"
"11/04/2025","0.107","0.109","0.109","0.107","83.25K","-1.83%"
"11/03/2025","0.109","0.110","0.110","0.108","1.03M","2.83%"
"11/02/2025","0.106","0.112","0.112","0.106","113.17K","-3.64%"
"10/30/2025","0.110","0.108","0.114","0.108","2.04M","2.80%"
"10/29/2025","0.107","0.099","0.107","0.099","7.01M","8.08%"
"10/28/2025","0.099","0.101","0.101","0.098","98.73K","-1.00%"
"10/27/2025","0.100","0.100","0.100","0.099","251.14K","0.00%"
"10/26/2025","0.100","0.097","0.101","0.097","2.04M","3.09%"
"10/23/2025","0.097","0.096","0.097","0.095","2.63M","1.04%"
"10/22/2025","0.096","0.097","0.097","0.093","1.00M","-2.04%"
"10/21/2025","0.098","0.101","0.101","0.098","821.60K","-2.97%"
"10/20/2025","0.101","0.100","0.103","0.100","1.66M","1.00%"
"10/19/2025","0.100","0.101","0.101","0.100","222.03K","-2.91%"
"10/16/2025","0.103","0.106","0.107","0.101","4.50M","-1.90%"
"10/15/2025","0.105","0.093","0.105","0.093","22.40M","8.25%"
"10/14/2025","0.097","0.089","0.097","0.089","2.20M","8.99%"
"10/13/2025","0.089","0.089","0.089","0.088","29.27K","-1.11%"
"10/12/2025","0.090","0.090","0.091","0.090","1.13M","0.00%"
"10/09/2025","0.090","0.090","0.092","0.090","3.35M","0.00%"
"10/08/2025","0.090","0.088","0.090","0.088","1.37M","1.12%"
"10/07/2025","0.089","0.090","0.090","0.089","135.57K","-1.11%"
"10/06/2025","0.090","0.088","0.090","0.088","229.79K","1.12%"
"10/05/2025","0.089","0.089","0.089","0.089","52.00K","1.14%"
"10/02/2025","0.088","0.089","0.089","0.088","124.57K","-1.12%"
"10/01/2025","0.089","0.089","0.090","0.088","159.80K","0.00%"
"09/30/2025","0.089","0.088","0.089","0.087","495.88K","1.14%"
"09/29/2025","0.088","0.089","0.090","0.088","370.93K","-1.12%"
"09/28/2025","0.089","0.090","0.090","0.089","64.28K","-1.11%"
"09/25/2025","0.090","0.090","0.090","0.090","","0.00%"
"09/24/2025","0.090","0.087","0.090","0.087","823.76K","0.00%"
"09/23/2025","0.090","0.088","0.090","0.088","281.94K","2.27%"
"09/22/2025","0.088","0.087","0.088","0.085","228.97K","0.00%"
"09/21/2025","0.088","0.088","0.089","0.088","195.44K","-1.12%"
"09/18/2025","0.089","0.089","0.089","0.088","95.96K","0.00%"
"09/17/2025","0.089","0.089","0.089","0.088","74.82K","0.00%"
"09/16/2025","0.089","0.087","0.089","0.087","255.59K","1.14%"
"09/15/2025","0.088","0.088","0.088","0.087","806.84K","0.00%"
"09/14/2025","0.088","0.089","0.089","0.088","7.00K","-1.12%"
"09/11/2025","0.089","0.089","0.089","0.087","376.70K","0.00%"
"09/10/2025","0.089","0.089","0.089","0.089","4.33K","-1.11%"
"09/09/2025","0.090","0.090","0.090","0.090","","0.00%"
"09/08/2025","0.090","0.088","0.090","0.088","179.35K","2.27%"
"09/04/2025","0.088","0.089","0.091","0.088","844.17K","-2.22%"
"09/03/2025","0.090","0.090","0.091","0.090","33.97K","0.00%"
"09/02/2025","0.090","0.091","0.093","0.089","372.32K","-1.10%"
"09/01/2025","0.091","0.091","0.092","0.090","545.57K","-1.09%"
"08/31/2025","0.092","0.092","0.092","0.091","1.16M","0.00%"
"08/28/2025","0.092","0.090","0.092","0.082","2.18M","2.22%"
"08/27/2025","0.090","0.089","0.091","0.088","327.11K","-2.17%"
"08/26/2025","0.092","0.094","0.094","0.090","8.84M","2.22%"
"08/25/2025","0.090","0.082","0.090","0.082","18.30M","9.76%"
"08/24/2025","0.082","0.083","0.083","0.082","343.92K","-1.20%"
"08/21/2025","0.083","0.083","0.083","0.083","50.27K","0.00%"
"08/20/2025","0.083","0.083","0.083","0.083","18.36K","1.22%"
"08/19/2025","0.082","0.082","0.082","0.082","5.56K","0.00%"
"08/18/2025","0.082","0.083","0.083","0.082","327.56K","-1.20%"
"08/17/2025","0.083","0.083","0.083","0.083","40.01K","0.00%"
"08/14/2025","0.083","0.083","0.083","0.083","2.70K","-1.19%"
"08/13/2025","0.084","0.084","0.084","0.084","119.59K","0.00%"
"08/12/2025","0.084","0.084","0.084","0.084","25.37K","0.00%"
"08/11/2025","0.084","0.084","0.084","0.084","3.60K","-1.18%"
"08/10/2025","0.085","0.085","0.085","0.085","3.00K","0.00%"
"08/07/2025","0.085","0.085","0.085","0.085","116.57K","-1.16%"
"08/06/2025","0.086","0.085","0.086","0.085","66.96K","0.00%"
"08/05/2025","0.086","0.086","0.086","0.085","31.69K","1.18%"
"08/04/2025","0.085","0.085","0.085","0.085","13.51K","0.00%"
"08/03/2025","0.085","0.086","0.086","0.085","304.77K","-1.16%"
"07/31/2025","0.086","0.085","0.086","0.085","105.00K","1.18%"
"07/30/2025","0.085","0.085","0.086","0.085","29.44K","-1.16%"
"07/29/2025","0.086","0.086","0.086","0.086","161.75K","-1.15%"
"07/28/2025","0.087","0.086","0.087","0.085","346.37K","1.16%"
"07/27/2025","0.086","0.085","0.087","0.085","824.74K","1.18%"
"07/24/2025","0.085","0.086","0.086","0.085","414.99K","-1.16%"
"07/23/2025","0.086","0.087","0.087","0.086","58.61K","-1.15%"
"07/22/2025","0.087","0.088","0.088","0.085","14.10K","0.00%"
"07/21/2025","0.087","0.088","0.088","0.085","452.10K","0.00%"
"07/20/2025","0.087","0.088","0.088","0.086","199.56K","-2.25%"
"07/17/2025","0.089","0.086","0.089","0.086","3.26M","4.71%"
"07/16/2025","0.085","0.087","0.087","0.082","836.43K","0.00%"
"07/15/2025","0.085","0.086","0.087","0.085","1.61M","-1.16%"
"07/14/2025","0.086","0.088","0.088","0.086","626.49K","-2.27%"
"07/13/2025","0.088","0.090","0.090","0.088","994.69K","-2.22%"
"07/10/2025","0.090","0.091","0.091","0.089","3.04M","0.00%"
"07/09/2025","0.090","0.091","0.091","0.090","131.23K","0.00%"
"07/08/2025","0.090","0.091","0.092","0.090","2.21M","-1.10%"
"07/07/2025","0.091","0.091","0.091","0.090","6.63M","1.11%"
"07/06/2025","0.090","0.091","0.091","0.090","1.55M","0.00%"
"07/03/2025","0.090","0.086","0.090","0.086","2.89M","5.88%"
"07/02/2025","0.085","0.084","0.086","0.084","7.68M","1.19%"
"07/01/2025","0.084","0.079","0.084","0.079","5.10M","-0.73%"
"06/30/2025","0.085","0.084","0.085","0.081","2.28M","1.15%"
"06/26/2025","0.084","0.085","0.086","0.083","1.25M","-1.14%"
"06/25/2025","0.085","0.085","0.086","0.084","2.63M","0.00%"
"06/24/2025","0.085","0.082","0.085","0.082","2.23M","-1.61%"
"06/23/2025","0.086","0.084","0.086","0.084","2.27M","2.38%"
"06/22/2025","0.084","0.084","0.084","0.083","342.36K","-1.18%"
"06/19/2025","0.085","0.084","0.085","0.084","2.32M","1.19%"
"06/18/2025","0.084","0.084","0.085","0.084","2.49M","0.00%"
"06/17/2025","0.084","0.084","0.086","0.084","3.07M","0.00%"
"06/16/2025","0.084","0.083","0.084","0.083","998.10K","1.20%"
"06/15/2025","0.083","0.082","0.083","0.081","3.48M","-2.35%"
"06/12/2025","0.085","0.081","0.086","0.081","13.61M","3.66%"
"06/11/2025","0.082","0.082","0.082","0.082","383.44K","-1.20%"
"06/10/2025","0.083","0.083","0.083","0.083","283.64K","0.00%"
"06/04/2025","0.083","0.083","0.084","0.081","3.58M","-1.19%"
"06/03/2025","0.084","0.083","0.084","0.082","1.90M","1.20%"
"06/02/2025","0.083","0.085","0.085","0.083","1.17M","-2.35%"
"06/01/2025","0.085","0.085","0.085","0.084","323.90K","0.00%"
"05/29/2025","0.085","0.085","0.085","0.084","976.45K","0.00%"
"05/28/2025","0.085","0.086","0.086","0.085","1.37M","-1.16%"
"05/27/2025","0.086","0.085","0.086","0.085","2.80M","1.18%"
"05/26/2025","0.085","0.086","0.087","0.085","1.83M","-1.16%"
"05/25/2025","0.086","0.083","0.086","0.083","2.22M","3.61%"
"05/22/2025","0.083","0.085","0.085","0.083","1.28M","-2.35%"
"05/21/2025","0.085","0.081","0.085","0.081","2.99M","3.66%"
"05/20/2025","0.082","0.081","0.082","0.081","1.07M","1.23%"
"05/19/2025","0.081","0.081","0.081","0.080","575.00K","0.00%"
"05/18/2025","0.081","0.081","0.081","0.081","443.28K","0.00%"
"05/15/2025","0.081","0.081","0.082","0.081","589.81K","0.00%"
"05/14/2025","0.081","0.082","0.082","0.081","596.70K","-1.22%"
"05/13/2025","0.082","0.082","0.082","0.081","161.38K","1.23%"
"05/12/2025","0.081","0.083","0.083","0.081","1.11M","-2.41%"
"05/11/2025","0.083","0.083","0.083","0.083","91.02K","1.22%"
"05/08/2025","0.082","0.083","0.083","0.081","656.71K","0.00%"
"05/07/2025","0.082","0.082","0.082","0.082","1.23M","0.00%"
"05/06/2025","0.082","0.082","0.083","0.082","429.85K","-1.20%"
"05/05/2025","0.083","0.084","0.084","0.082","2.09M","0.00%"
"05/04/2025","0.083","0.081","0.084","0.081","1.14M","2.47%"
"05/01/2025","0.081","0.080","0.081","0.080","1.84M","2.53%"
"04/30/2025","0.079","0.079","0.080","0.078","1.76M","1.28%"
"04/29/2025","0.078","0.079","0.079","0.078","620.01K","-2.50%"
"04/28/2025","0.080","0.080","0.081","0.080","2.32M","0.00%"
"04/27/2025","0.080","0.079","0.080","0.079","465.69K","1.27%"
"04/24/2025","0.079","0.079","0.079","0.078","661.83K","0.00%"
"04/23/2025","0.079","0.079","0.080","0.079","64.00K","1.28%"
"04/22/2025","0.078","0.078","0.080","0.078","1.23M","1.30%"
"04/21/2025","0.077","0.078","0.078","0.077","732.98K","-2.53%"
"04/20/2025","0.079","0.079","0.079","0.079","231.00K","-1.25%"
"04/17/2025","0.080","0.080","0.080","0.078","769.66K","-1.23%"
"04/16/2025","0.081","0.081","0.081","0.080","10.66M","2.53%"
"04/15/2025","0.079","0.076","0.079","0.076","4.26M","9.72%"
"04/14/2025","0.072","0.073","0.073","0.072","3.71M","0.00%"
"04/13/2025","0.072","0.073","0.073","0.072","1.77M","-1.37%"
"04/10/2025","0.073","0.074","0.074","0.073","911.74K","-1.35%"
"04/09/2025","0.074","0.074","0.075","0.074","583.18K","-1.33%"
"04/08/2025","0.075","0.073","0.075","0.073","1.39M","2.74%"
"04/07/2025","0.073","0.073","0.073","0.073","56.04K","-2.67%"
"04/06/2025","0.075","0.072","0.075","0.071","736.50K","0.00%"
"03/27/2025","0.075","0.072","0.075","0.072","1.50M","5.63%"
"03/26/2025","0.071","0.071","0.072","0.070","1.27M","0.00%"
"03/25/2025","0.071","0.070","0.071","0.070","648.34K","2.90%"
"03/24/2025","0.069","0.069","0.069","0.069","51.77K","0.00%"
"03/23/2025","0.069","0.069","0.069","0.069","35.00K","0.00%"
"03/20/2025","0.069","0.070","0.070","0.069","816.67K","-1.43%"
"03/19/2025","0.070","0.069","0.070","0.069","125.00K","1.45%"
"03/18/2025","0.069","0.069","0.070","0.069","332.07K","1.47%"
"03/17/2025","0.068","0.070","0.070","0.068","213.44K","-1.45%"
"03/16/2025","0.069","0.069","0.069","0.069","61.60K","0.00%"
"03/13/2025","0.069","0.069","0.069","0.069","","0.00%"
"03/12/2025","0.069","0.069","0.069","0.069","2.15K","1.47%"
"03/11/2025","0.068","0.069","0.069","0.068","1.30M","-2.86%"
"03/10/2025","0.070","0.071","0.071","0.070","235.51K","-1.41%"
"03/09/2025","0.071","0.070","0.072","0.070","273.63K","1.43%"
"03/06/2025","0.070","0.069","0.070","0.069","60.28K","0.00%"
"03/05/2025","0.070","0.071","0.071","0.070","50.07K","2.94%"
"03/04/2025","0.068","0.068","0.068","0.068","535.50K","0.00%"
"03/03/2025","0.068","0.068","0.068","0.068","","0.00%"
"03/02/2025","0.068","0.068","0.068","0.068","","0.00%"
"02/27/2025","0.068","0.068","0.068","0.067","546.04K","-1.45%"
"02/26/2025","0.069","0.068","0.069","0.068","63.07K","2.99%"
"02/25/2025","0.067","0.067","0.067","0.067","22.00K","0.00%"
"02/24/2025","0.067","0.067","0.067","0.067","84.00K","0.00%"
"02/23/2025","0.067","0.067","0.067","0.067","","0.00%"
"02/20/2025","0.067","0.068","0.068","0.067","169.08K","0.00%"
"02/19/2025","0.067","0.066","0.067","0.066","14.05K","-1.47%"
"02/18/2025","0.068","0.068","0.068","0.068","","0.00%"
"02/17/2025","0.068","0.068","0.068","0.068","318.00K","-1.45%"
"02/16/2025","0.069","0.069","0.069","0.069","45.00K","0.00%"
"02/13/2025","0.069","0.069","0.069","0.068","20.34K","1.45%"
"02/12/2025","0.068","0.068","0.069","0.068","86.48K","0.00%"
"02/11/2025","0.068","0.069","0.069","0.068","80.94K","0.00%"
"02/10/2025","0.068","0.070","0.070","0.068","117.71K","-3.94%"
"02/09/2025","0.071","0.071","0.071","0.071","","1.17%"
"02/06/2025","0.070","0.071","0.071","0.069","562.21K","-4.05%"
"02/05/2025","0.073","0.070","0.074","0.070","2.20M","6.01%"
"02/04/2025","0.069","0.069","0.069","0.068","155.24K","0.00%"
"02/03/2025","0.069","0.067","0.069","0.067","143.93K","0.00%"
"02/02/2025","0.069","0.069","0.069","0.069","5.30K","1.47%"
"01/29/2025","0.068","0.068","0.068","0.067","50.00K","1.49%"
"01/28/2025","0.067","0.067","0.067","0.067","10.61K","-1.47%"
"01/27/2025","0.068","0.069","0.069","0.068","105.00K","1.49%"
"01/26/2025","0.067","0.068","0.068","0.067","316.41K","-1.47%"
"01/23/2025","0.068","0.069","0.069","0.068","34.10K","0.00%"
"01/22/2025","0.068","0.068","0.068","0.068","26.44K","0.00%"
"01/21/2025","0.068","0.069","0.069","0.067","166.46K","0.00%"
"01/20/2025","0.068","0.069","0.069","0.068","25.70K","-2.86%"
"01/19/2025","0.070","0.070","0.070","0.070","29.30K","0.00%"
"01/16/2025","0.070","0.068","0.070","0.068","200.63K","2.94%"
"01/15/2025","0.068","0.069","0.069","0.068","371.08K","-1.45%"
"01/14/2025","0.069","0.070","0.072","0.069","399.04K","-1.43%"
"01/13/2025","0.070","0.071","0.071","0.070","146.40K","-2.78%"
"01/09/2025","0.072","0.071","0.073","0.071","695.51K","2.86%"
"01/08/2025","0.070","0.069","0.070","0.069","1.11M","2.94%"
"01/07/2025","0.068","0.068","0.068","0.068","43.95K","0.00%"
"01/06/2025","0.068","0.068","0.068","0.068","47.40K","0.00%"
"01/05/2025","0.068","0.068","0.068","0.068","113.19K","0.00%"
"01/02/2025","0.068","0.068","0.068","0.068","90.00K","0.00%"
"01/01/2025","0.068","0.067","0.068","0.067","582.41K","1.49%"
"12/31/2024","0.067","0.066","0.067","0.066","186.13K","3.08%"
"12/30/2024","0.065","0.066","0.066","0.065","242.19K","0.00%"
"12/29/2024","0.065","0.066","0.066","0.065","14.40K","1.56%"
"12/26/2024","0.064","0.065","0.065","0.064","92.65K","0.00%"
"12/25/2024","0.064","0.064","0.064","0.064","82.31K","-1.54%"
"12/24/2024","0.065","0.064","0.065","0.064","83.25K","0.00%"
"12/23/2024","0.065","0.065","0.065","0.065","238.49K","0.00%"
"12/22/2024","0.065","0.066","0.066","0.065","163.85K","-1.52%"
"12/19/2024","0.066","0.066","0.066","0.066","54.00K","0.00%"
"12/18/2024","0.066","0.066","0.066","0.066","143.44K","0.00%"
"12/17/2024","0.066","0.066","0.066","0.066","195.00K","0.00%"
"12/16/2024","0.066","0.065","0.066","0.065","20.00K","1.54%"
"12/15/2024","0.065","0.065","0.065","0.065","170.00K","-1.52%"
"12/12/2024","0.066","0.065","0.066","0.065","70.99K","1.54%"
"12/11/2024","0.065","0.065","0.065","0.065","12.00K","0.00%"
"12/10/2024","0.065","0.065","0.065","0.065","212.26K","-1.52%"
"12/09/2024","0.066","0.066","0.066","0.065","142.19K","1.54%"
"12/08/2024","0.065","0.066","0.066","0.065","282.00K","-2.99%"
"12/05/2024","0.067","0.068","0.068","0.066","656.00K","0.00%"
"12/04/2024","0.067","0.067","0.067","0.067","124.00K","0.00%"
"12/03/2024","0.067","0.067","0.068","0.067","647.51K","1.52%"
"12/02/2024","0.066","0.066","0.067","0.066","54.14K","0.00%"
"12/01/2024","0.066","0.067","0.068","0.066","58.94K","0.00%"
"11/28/2024","0.066","0.067","0.067","0.066","43.86K","-1.49%"
"11/27/2024","0.067","0.066","0.067","0.066","364.73K","1.52%"
"11/26/2024","0.066","0.065","0.067","0.065","622.13K","1.54%"
"11/25/2024","0.065","0.067","0.067","0.065","441.08K","-2.99%"
"11/24/2024","0.067","0.068","0.068","0.066","334.33K","-2.90%"
"11/19/2024","0.069","0.069","0.069","0.069","24.55K","0.00%"
"11/18/2024","0.069","0.069","0.069","0.069","20.00K","0.00%"
"11/17/2024","0.069","0.069","0.069","0.069","","0.00%"
"11/14/2024","0.069","0.069","0.069","0.069","149.95K","0.00%"
"11/13/2024","0.069","0.070","0.070","0.069","212.06K","-1.43%"
"11/12/2024","0.070","0.070","0.070","0.070","200.00K","0.00%"
"11/11/2024","0.070","0.071","0.071","0.070","514.04K","-1.41%"
"11/10/2024","0.071","0.071","0.071","0.071","","0.00%"
"11/07/2024","0.071","0.071","0.071","0.070","170.51K","0.00%"
"11/06/2024","0.071","0.073","0.073","0.071","137.20K","-2.74%"
"11/05/2024","0.073","0.073","0.073","0.073","77.00K","0.00%"
"11/04/2024","0.073","0.073","0.074","0.073","47.50K","1.39%"
"11/03/2024","0.072","0.072","0.072","0.072","","0.00%"
"10/31/2024","0.072","0.073","0.073","0.072","86.55K","-1.37%"
"10/30/2024","0.073","0.074","0.074","0.073","178.44K","0.00%"
"10/29/2024","0.073","0.073","0.073","0.073","4.00K","0.00%"
"10/28/2024","0.073","0.071","0.073","0.071","87.00K","2.82%"
"10/27/2024","0.071","0.073","0.073","0.071","118.86K","-2.74%"
"10/24/2024","0.073","0.073","0.073","0.072","122.89K","0.00%"
"10/23/2024","0.073","0.073","0.073","0.073","404.36K","0.00%"
"10/22/2024","0.073","0.074","0.074","0.073","786.84K","0.00%"
"10/21/2024","0.073","0.073","0.073","0.073","4.51K","-2.67%"
"10/20/2024","0.075","0.074","0.075","0.074","89.60K","1.35%"
"10/17/2024","0.074","0.073","0.074","0.073","94.30K","1.37%"
"10/16/2024","0.073","0.074","0.074","0.073","148.00K","-2.67%"
"10/15/2024","0.075","0.075","0.075","0.074","147.95K","-3.85%"
"10/14/2024","0.078","0.077","0.078","0.077","562.50K","1.30%"
"10/13/2024","0.077","0.078","0.078","0.077","254.00K","-1.28%"
"10/10/2024","0.078","0.076","0.078","0.076","103.40K","2.63%"
"10/09/2024","0.076","0.076","0.076","0.076","30.00K","1.33%"
"10/08/2024","0.075","0.076","0.076","0.075","2.42K","0.00%"
"10/07/2024","0.075","0.075","0.076","0.075","190.26K","0.00%"
"10/06/2024","0.075","0.075","0.076","0.075","144.19K","-2.60%"
"10/03/2024","0.077","0.077","0.078","0.076","772.55K","2.67%"
"10/02/2024","0.075","0.075","0.075","0.075","46.35K","-3.85%"
"10/01/2024","0.078","0.077","0.078","0.077","252.94K","0.00%"
"09/30/2024","0.078","0.080","0.080","0.078","456.70K","-1.27%"
"09/29/2024","0.079","0.079","0.080","0.079","1.98M","1.28%"
"09/26/2024","0.078","0.072","0.078","0.072","1.29M","2.63%"
"09/25/2024","0.076","0.074","0.076","0.074","24.69K","1.33%"
"09/24/2024","0.075","0.075","0.075","0.075","24.60K","0.00%"
"09/23/2024","0.075","0.075","0.075","0.075","","0.00%"
"09/22/2024","0.075","0.075","0.075","0.075","16.75K","0.00%"
"09/19/2024","0.075","0.075","0.075","0.075","0.14K","-1.32%"
"09/18/2024","0.076","0.076","0.077","0.075","2.67M","-2.56%"
"09/17/2024","0.078","0.078","0.078","0.078","407.63K","0.00%"
"09/16/2024","0.078","0.078","0.078","0.078","26.85K","0.00%"
"09/12/2024","0.078","0.075","0.078","0.075","318.53K","4.00%"
"09/11/2024","0.075","0.075","0.075","0.075","102.31K","-2.60%"
"09/10/2024","0.077","0.076","0.077","0.076","100.00K","1.32%"
"09/09/2024","0.076","0.076","0.076","0.076","7.00K","-2.56%"
"09/04/2024","0.078","0.078","0.078","0.078","48.85K","0.00%"
"09/03/2024","0.078","0.076","0.078","0.076","546.16K","2.63%"
"09/02/2024","0.076","0.076","0.076","0.076","73.56K","0.00%"
"09/01/2024","0.076","0.075","0.076","0.075","110.90K","0.00%"
"08/29/2024","0.076","0.075","0.076","0.075","275.26K","0.00%"
"08/28/2024","0.076","0.075","0.076","0.075","97.30K","1.33%"
"08/27/2024","0.075","0.075","0.075","0.075","0.60K","0.00%"
"08/26/2024","0.075","0.075","0.075","0.075","36.89K","0.00%"
"08/25/2024","0.075","0.075","0.075","0.075","46.14K","0.00%"
"08/22/2024","0.075","0.075","0.075","0.075","75.56K","0.00%"
"08/21/2024","0.075","0.075","0.075","0.075","1.44K","-1.32%"
"08/20/2024","0.076","0.075","0.076","0.075","103.17K","1.33%"
"08/19/2024","0.075","0.075","0.075","0.075","87.37K","0.00%"
"08/18/2024","0.075","0.074","0.075","0.074","227.95K","-1.32%"
"08/15/2024","0.076","0.074","0.076","0.074","717.87K","4.11%"
"08/14/2024","0.073","0.073","0.073","0.073","16.22K","0.00%"
"08/11/2024","0.073","0.073","0.073","0.073","32.98K","1.39%"
"08/08/2024","0.072","0.075","0.075","0.072","9.83K","-1.37%"
"08/07/2024","0.073","0.073","0.073","0.073","147.05K","-1.35%"
"08/06/2024","0.074","0.074","0.074","0.074","102.50K","1.37%"
"08/05/2024","0.073","0.074","0.074","0.072","85.78K","-2.67%"
"08/01/2024","0.075","0.076","0.076","0.075","26.74K","0.00%"
"07/31/2024","0.075","0.075","0.075","0.075","55.95K","0.00%"
"07/30/2024","0.075","0.075","0.076","0.074","805.61K","0.00%"
"07/29/2024","0.075","0.075","0.075","0.075","8.70K","2.74%"
"07/28/2024","0.073","0.074","0.074","0.073","60.67K","0.00%"
"07/25/2024","0.073","0.073","0.073","0.073","25.30K","0.00%"
"07/24/2024","0.073","0.074","0.074","0.073","28.06K","0.00%"
"07/23/2024","0.073","0.073","0.073","0.073","42.40K","-1.35%"
"07/22/2024","0.074","0.075","0.075","0.074","19.76K","1.37%"
"07/21/2024","0.073","0.073","0.073","0.073","0.70K","-2.67%"
"07/17/2024","0.075","0.077","0.077","0.075","251.83K","-1.32%"
"07/16/2024","0.076","0.076","0.076","0.076","40.30K","0.00%"
"07/15/2024","0.076","0.077","0.077","0.076","123.47K","-2.56%"
"07/14/2024","0.078","0.077","0.078","0.077","12.15K","0.00%"
"07/11/2024","0.078","0.075","0.078","0.075","232.97K","1.30%"
"07/10/2024","0.077","0.077","0.077","0.076","86.50K","-1.28%"
"07/09/2024","0.078","0.078","0.078","0.077","31.40K","1.30%"
"07/08/2024","0.077","0.077","0.077","0.077","113.00K","-1.28%"
"07/04/2024","0.078","0.078","0.078","0.078","58.50K","-2.50%"
"07/03/2024","0.080","0.077","0.080","0.077","14.00K","0.00%"
"07/02/2024","0.080","0.080","0.080","0.080","78.03K","-1.23%"
"07/01/2024","0.081","0.081","0.081","0.081","38.00K","1.25%"
"06/30/2024","0.080","0.080","0.081","0.080","107.08K","-1.23%"
"06/27/2024","0.081","0.080","0.082","0.080","299.32K","-5.19%"
"06/26/2024","0.085","0.085","0.085","0.084","517.26K","0.00%"
"06/25/2024","0.085","0.085","0.085","0.083","1.70M","0.00%"
"06/24/2024","0.085","0.085","0.085","0.084","68.54K","0.00%"
"06/23/2024","0.085","0.085","0.085","0.085","158.26K","-1.80%"
"06/13/2024","0.087","0.088","0.088","0.087","33.14K","-1.14%"
"06/12/2024","0.088","0.088","0.088","0.088","507.29K","-1.12%"
"06/11/2024","0.089","0.089","0.089","0.089","115.00K","1.14%"
"06/10/2024","0.088","0.088","0.088","0.088","82.10K","0.00%"
"06/09/2024","0.088","0.088","0.088","0.088","320.00K","0.00%"
"06/06/2024","0.088","0.088","0.089","0.088","375.91K","1.15%"
"06/05/2024","0.087","0.088","0.088","0.087","46.00K","0.00%"
"06/04/2024","0.087","0.087","0.087","0.087","475.50K","0.00%"
"06/03/2024","0.087","0.088","0.088","0.087","330.55K","-1.14%"
"06/02/2024","0.088","0.088","0.088","0.088","65.00K","1.15%"
"05/30/2024","0.087","0.089","0.089","0.087","239.00K","-1.14%"
"05/29/2024","0.088","0.090","0.090","0.088","455.91K","-1.12%"
"05/28/2024","0.089","0.089","0.090","0.089","1.96M","1.14%"
"05/27/2024","0.088","0.088","0.089","0.088","385.10K","0.00%"
"05/26/2024","0.088","0.088","0.088","0.088","395.90K","-1.12%"
"05/23/2024","0.089","0.088","0.089","0.088","210.53K","2.30%"
"05/22/2024","0.087","0.089","0.089","0.087","195.05K","-2.25%"
"05/21/2024","0.089","0.089","0.089","0.088","300.39K","0.00%"
"05/20/2024","0.089","0.090","0.090","0.089","5.50K","0.00%"
"05/19/2024","0.089","0.088","0.089","0.088","697.76K","1.14%"
"05/16/2024","0.088","0.088","0.088","0.088","436.59K","0.00%"
"05/15/2024","0.088","0.087","0.088","0.087","52.80K","1.15%"
"05/14/2024","0.087","0.088","0.089","0.087","352.46K","-1.14%"
"05/13/2024","0.088","0.088","0.088","0.088","591.20K","0.00%"
"05/12/2024","0.088","0.088","0.088","0.088","131.91K","0.00%"
"05/09/2024","0.088","0.088","0.088","0.088","62.00K","0.00%"
"05/08/2024","0.088","0.087","0.088","0.087","58.00K","0.00%"
"05/07/2024","0.088","0.088","0.088","0.088","849.00K","-1.12%"
"05/06/2024","0.089","0.090","0.090","0.088","257.93K","0.00%"
"05/05/2024","0.089","0.089","0.090","0.088","1.20M","1.14%"
"05/02/2024","0.088","0.089","0.089","0.088","399.03K","0.00%"
"05/01/2024","0.088","0.090","0.090","0.088","161.43K","-1.12%"
"04/30/2024","0.089","0.090","0.090","0.088","398.45K","-1.11%"
"04/29/2024","0.090","0.090","0.090","0.089","373.06K","1.12%"
"04/28/2024","0.089","0.087","0.090","0.087","4.15M","3.49%"
"04/25/2024","0.086","0.086","0.086","0.085","1.62M","0.00%"
"04/24/2024","0.086","0.086","0.087","0.086","1.00M","-1.15%"
"04/23/2024","0.087","0.087","0.087","0.087","442.55K","0.00%"
"04/22/2024","0.087","0.087","0.087","0.087","78.56K","0.00%"
"04/21/2024","0.087","0.088","0.088","0.087","519.87K","-1.14%"
"04/18/2024","0.088","0.088","0.088","0.088","115.00K","0.00%"
"04/17/2024","0.088","0.088","0.088","0.088","596.08K","0.00%"
"04/16/2024","0.088","0.090","0.090","0.088","1.56M","-1.12%"
"04/15/2024","0.089","0.090","0.090","0.087","2.05M","-1.11%"
"04/14/2024","0.090","0.090","0.091","0.089","2.35M","-1.10%"
"04/08/2024","0.091","0.091","0.092","0.090","2.89M","1.11%"
"04/07/2024","0.090","0.090","0.091","0.090","903.44K","0.00%"
"04/04/2024","0.090","0.089","0.090","0.089","1.11M","1.12%"
"04/03/2024","0.089","0.088","0.090","0.088","2.48M","1.14%"
"04/02/2024","0.088","0.091","0.091","0.088","2.35M","-2.22%"
"04/01/2024","0.090","0.090","0.093","0.089","4.75M","2.27%"
"03/31/2024","0.088","0.087","0.088","0.087","1.57M","2.33%"
"03/28/2024","0.086","0.087","0.088","0.086","3.01M","-1.15%"
"03/27/2024","0.087","0.086","0.088","0.086","2.65M","1.16%"
"03/26/2024","0.086","0.087","0.087","0.086","8.01M","0.00%"
"03/25/2024","0.086","0.084","0.087","0.084","2.10M","2.38%"
"03/24/2024","0.084","0.085","0.085","0.084","984.39K","0.00%"
"03/21/2024","0.084","0.085","0.085","0.084","1.91M","0.00%"
"03/20/2024","0.084","0.088","0.089","0.084","4.43M","-3.45%"
"03/19/2024","0.087","0.081","0.088","0.081","5.30M","6.10%"
"03/18/2024","0.082","0.084","0.084","0.082","612.40K","-2.38%"
"03/17/2024","0.084","0.085","0.085","0.084","824.00K","-1.18%"
"03/14/2024","0.085","0.085","0.086","0.084","4.14M","0.00%"
"03/13/2024","0.085","0.081","0.086","0.081","7.48M","4.94%"
"03/12/2024","0.081","0.080","0.083","0.080","2.37M","1.25%"
"03/11/2024","0.080","0.080","0.081","0.080","514.53K","0.00%"
"03/10/2024","0.080","0.080","0.082","0.080","2.74M","0.00%"
"03/07/2024","0.080","0.084","0.085","0.079","6.90M","-2.44%"
"03/06/2024","0.082","0.077","0.082","0.077","6.60M","9.33%"
"03/05/2024","0.075","0.072","0.076","0.072","6.19M","4.17%"
"03/04/2024","0.072","0.072","0.072","0.072","211.38K","1.41%"
"03/03/2024","0.071","0.072","0.072","0.071","1.26M","0.00%"
"02/29/2024","0.071","0.071","0.071","0.071","72.70K","0.00%"
"02/28/2024","0.071","0.071","0.072","0.071","2.67M","0.00%"
"02/27/2024","0.071","0.071","0.071","0.070","694.11K","1.43%"
"02/26/2024","0.070","0.072","0.072","0.070","2.99M","-1.41%"
"02/25/2024","0.071","0.070","0.071","0.070","406.00K","1.43%"
"02/22/2024","0.070","0.072","0.072","0.070","2.69M","-4.11%"
"02/21/2024","0.073","0.072","0.073","0.072","853.82K","1.39%"
"02/20/2024","0.072","0.072","0.072","0.071","363.42K","1.41%"
"02/19/2024","0.071","0.071","0.072","0.071","3.13M","0.00%"
"02/18/2024","0.071","0.072","0.072","0.071","394.97K","0.00%"
"02/15/2024","0.071","0.071","0.072","0.070","1.19M","1.43%"
"02/14/2024","0.070","0.069","0.070","0.069","5.19M","1.45%"
"02/13/2024","0.069","0.070","0.070","0.069","2.11M","-1.43%"
"02/11/2024","0.070","0.070","0.070","0.070","473.37K","0.00%"
"02/07/2024","0.070","0.072","0.072","0.070","2.12M","-2.78%"
"02/06/2024","0.072","0.074","0.074","0.071","2.30M","-1.37%"
"02/05/2024","0.073","0.075","0.075","0.073","145.26K","-3.95%"
"02/04/2024","0.076","0.076","0.076","0.076","20.00K","1.33%"
"02/01/2024","0.075","0.074","0.075","0.074","164.98K","1.35%"
"01/31/2024","0.074","0.075","0.075","0.074","57.19K","0.00%"
"01/30/2024","0.074","0.074","0.074","0.074","48.69K","1.37%"
"01/29/2024","0.073","0.073","0.073","0.073","31.73K","0.00%"
"01/28/2024","0.073","0.073","0.073","0.073","212.73K","-1.35%"
"01/25/2024","0.074","0.073","0.074","0.073","356.44K","1.37%"
"01/24/2024","0.073","0.074","0.074","0.073","28.12K","-1.35%"
"01/23/2024","0.074","0.074","0.074","0.074","139.20K","1.37%"
"01/22/2024","0.073","0.073","0.073","0.073","37.11K","1.39%"
"01/21/2024","0.072","0.073","0.073","0.072","247.21K","-1.37%"
"01/18/2024","0.073","0.073","0.074","0.073","158.96K","0.00%"
"01/17/2024","0.073","0.074","0.074","0.073","158.61K","-1.35%"
"01/16/2024","0.074","0.073","0.074","0.070","987.94K","2.78%"
"01/15/2024","0.072","0.074","0.074","0.072","25.11K","-4.00%"
"01/14/2024","0.075","0.075","0.075","0.075","96.98K","0.00%"
"01/09/2024","0.075","0.075","0.075","0.075","35.10K","0.00%"
"01/08/2024","0.075","0.075","0.076","0.075","228.22K","0.00%"
"01/07/2024","0.075","0.075","0.075","0.075","13.00K","0.00%"
"01/03/2024","0.075","0.075","0.075","0.075","63.18K","-1.32%"
"01/02/2024","0.076","0.076","0.076","0.076","50.00K","-1.30%"
"01/01/2024","0.077","0.077","0.078","0.076","249.00K","2.67%"
"12/31/2023","0.075","0.073","0.075","0.073","50.59K","1.35%"
"12/28/2023","0.074","0.075","0.075","0.074","130.80K","-1.33%"
"12/27/2023","0.075","0.075","0.075","0.075","30.00K","0.00%"
"12/26/2023","0.075","0.075","0.075","0.075","13.70K","0.00%"
"12/25/2023","0.075","0.075","0.075","0.075","42.31K","1.35%"
"12/21/2023","0.074","0.076","0.076","0.074","369.55K","-2.63%"
"12/20/2023","0.076","0.076","0.076","0.076","108.77K","0.00%"
"12/19/2023","0.076","0.076","0.076","0.076","280.01K","1.33%"
"12/13/2023","0.075","0.075","0.075","0.075","18.00K","-1.32%"
"12/12/2023","0.076","0.075","0.076","0.075","133.74K","1.33%"
"12/11/2023","0.075","0.075","0.075","0.074","46.66K","-1.32%"
"12/07/2023","0.076","0.075","0.076","0.074","426.12K","1.33%"
"12/06/2023","0.075","0.075","0.075","0.075","10.00K","-1.32%"
"12/05/2023","0.076","0.076","0.076","0.075","157.16K","1.33%"
"12/04/2023","0.075","0.075","0.076","0.075","55.18K","-2.60%"
"12/03/2023","0.077","0.077","0.077","0.077","50.71K","0.00%"
"11/30/2023","0.077","0.077","0.077","0.075","265.99K","1.32%"
"11/29/2023","0.076","0.076","0.076","0.076","57.00K","0.00%"
"11/28/2023","0.076","0.076","0.076","0.075","101.15K","2.70%"
"11/27/2023","0.074","0.076","0.076","0.074","42.96K","-2.63%"
"11/26/2023","0.076","0.074","0.077","0.074","207.55K","4.11%"
"11/21/2023","0.073","0.073","0.073","0.073","100.00K","-1.35%"
"11/20/2023","0.074","0.074","0.074","0.074","29.80K","0.00%"
"11/19/2023","0.074","0.074","0.074","0.074","155.00K","0.00%"
"11/16/2023","0.074","0.075","0.075","0.074","119.20K","0.00%"
"11/15/2023","0.074","0.074","0.075","0.073","252.66K","0.00%"
"11/14/2023","0.074","0.072","0.074","0.072","34.61K","2.78%"
"11/13/2023","0.072","0.073","0.073","0.072","4.00K","-1.37%"
"11/12/2023","0.073","0.073","0.073","0.073","1.00K","1.39%"
"11/09/2023","0.072","0.072","0.072","0.072","3.85K","1.41%"
"11/08/2023","0.071","0.072","0.072","0.071","85.24K","-1.39%"
"11/07/2023","0.072","0.072","0.072","0.072","31.50K","-1.37%"
"11/06/2023","0.073","0.073","0.073","0.073","4.70K","1.39%"
"11/02/2023","0.072","0.072","0.072","0.072","78.65K","-1.37%"
"11/01/2023","0.073","0.073","0.073","0.073","20.00K","0.00%"
"10/31/2023","0.073","0.073","0.073","0.072","103.00K","0.00%"
"10/30/2023","0.073","0.073","0.073","0.073","67.10K","0.00%"
"10/29/2023","0.073","0.072","0.073","0.072","47.37K","1.39%"
"10/26/2023","0.072","0.074","0.074","0.071","193.82K","-2.70%"
"10/25/2023","0.074","0.074","0.074","0.074","145.25K","0.00%"
"10/24/2023","0.074","0.074","0.074","0.074","12.37K","0.00%"
"10/23/2023","0.074","0.075","0.075","0.074","19.70K","-1.33%"
"10/22/2023","0.075","0.076","0.076","0.075","66.00K","-2.60%"
"10/19/2023","0.077","0.077","0.077","0.077","32.55K","-1.28%"
"10/18/2023","0.078","0.078","0.078","0.078","102.45K","0.00%"
"10/17/2023","0.078","0.078","0.078","0.078","11.37K","0.00%"
"10/16/2023","0.078","0.078","0.078","0.078","38.20K","-1.27%"
"10/15/2023","0.079","0.081","0.081","0.079","133.19K","-1.25%"
"10/12/2023","0.080","0.080","0.080","0.080","40.70K","0.00%"
"10/10/2023","0.080","0.080","0.080","0.080","50.00K","0.00%"
"10/09/2023","0.080","0.080","0.080","0.079","24.05K","0.00%"
"10/08/2023","0.080","0.080","0.080","0.080","15.00K","0.00%"
"10/05/2023","0.080","0.080","0.080","0.079","134.45K","1.27%"
"10/04/2023","0.079","0.080","0.081","0.079","582.44K","-1.25%"
"10/03/2023","0.080","0.079","0.080","0.079","60.90K","0.00%"
"10/02/2023","0.080","0.079","0.080","0.079","288.70K","1.27%"
"10/01/2023","0.079","0.078","0.079","0.078","177.75K","1.28%"
"09/27/2023","0.078","0.076","0.078","0.076","31.40K","2.63%"
"09/26/2023","0.076","0.076","0.076","0.076","260.87K","1.33%"
"09/25/2023","0.075","0.075","0.076","0.075","113.18K","0.00%"
"09/24/2023","0.075","0.075","0.076","0.075","342.21K","0.00%"
"09/21/2023","0.075","0.075","0.075","0.075","103.37K","0.00%"
"09/20/2023","0.075","0.076","0.076","0.075","36.97K","-1.32%"
"09/19/2023","0.076","0.076","0.076","0.076","15.00K","-1.30%"
"09/18/2023","0.077","0.077","0.077","0.077","28.52K","-1.28%"
"09/17/2023","0.078","0.078","0.078","0.078","105.00K","0.00%"
"09/14/2023","0.078","0.078","0.078","0.077","293.52K","0.00%"
"09/13/2023","0.078","0.078","0.078","0.078","55.34K","-1.27%"
"09/12/2023","0.079","0.079","0.079","0.079","121.35K","0.00%"
"09/11/2023","0.079","0.079","0.080","0.079","855.80K","0.00%"
"09/10/2023","0.079","0.078","0.079","0.078","143.68K","0.00%"
"09/07/2023","0.079","0.078","0.079","0.078","13.00K","0.00%"
"09/06/2023","0.079","0.078","0.079","0.078","211.97K","1.28%"
"09/05/2023","0.078","0.079","0.079","0.077","221.85K","-1.27%"
"09/04/2023","0.079","0.079","0.079","0.079","143.31K","-1.25%"
"09/03/2023","0.080","0.081","0.081","0.080","279.05K","-2.44%"
"08/31/2023","0.082","0.082","0.082","0.081","21.00K","1.23%"
"08/30/2023","0.081","0.081","0.081","0.081","269.18K","-1.22%"
"08/29/2023","0.082","0.080","0.082","0.080","368.16K","2.50%"
"08/28/2023","0.080","0.081","0.081","0.080","243.55K","-1.23%"
"08/27/2023","0.081","0.082","0.082","0.081","57.85K","0.00%"
"08/24/2023","0.081","0.083","0.083","0.081","44.68K","-1.22%"
"08/23/2023","0.082","0.082","0.082","0.082","3.50M","0.00%"
"08/21/2023","0.082","0.081","0.082","0.081","128.03K","1.23%"
"08/20/2023","0.081","0.082","0.082","0.081","53.95K","-1.22%"
"08/16/2023","0.082","0.083","0.083","0.082","63.74K","-1.20%"
"08/15/2023","0.083","0.083","0.083","0.083","66.76K","-1.19%"
"08/13/2023","0.084","0.084","0.084","0.084","44.00K","0.00%"
"08/10/2023","0.084","0.083","0.084","0.083","67.84K","-1.18%"
"08/09/2023","0.085","0.085","0.085","0.085","1.40K","0.00%"
"08/08/2023","0.085","0.085","0.085","0.085","3.00K","0.00%"
"08/07/2023","0.085","0.084","0.085","0.084","110.06K","1.19%"
"08/03/2023","0.084","0.084","0.084","0.084","150.00K","-1.18%"
"08/02/2023","0.085","0.086","0.086","0.085","210.50K","-1.16%"
"08/01/2023","0.086","0.085","0.086","0.085","33.43K","-1.15%"
"07/31/2023","0.087","0.085","0.087","0.084","634.59K","2.35%"
"07/30/2023","0.085","0.085","0.085","0.085","272.71K","0.00%"
"07/27/2023","0.085","0.085","0.085","0.085","315.58K","1.19%"
"07/26/2023","0.084","0.085","0.085","0.084","310.00K","-2.33%"
"07/25/2023","0.086","0.086","0.086","0.086","0.10K","1.18%"
"07/24/2023","0.085","0.087","0.087","0.085","561.86K","-1.16%"
"07/23/2023","0.086","0.086","0.086","0.086","2.00K","0.00%"
"07/19/2023","0.086","0.086","0.086","0.086","450.00K","0.00%"
"07/18/2023","0.086","0.087","0.087","0.086","159.15K","-1.15%"
"07/17/2023","0.087","0.090","0.090","0.087","1.22M","-3.33%"
"07/16/2023","0.090","0.089","0.090","0.088","1.83M","2.27%"
"07/13/2023","0.088","0.090","0.091","0.088","7.19M","1.15%"
"07/12/2023","0.087","0.083","0.088","0.083","3.98M","4.82%"
"07/11/2023","0.083","0.083","0.083","0.083","44.00K","0.00%"
"07/10/2023","0.083","0.081","0.083","0.081","938.57K","2.47%"
"07/09/2023","0.081","0.082","0.082","0.081","205.26K","-1.22%"
"07/06/2023","0.082","0.082","0.082","0.082","151.63K","1.23%"
"07/05/2023","0.081","0.082","0.082","0.081","1.76M","-1.22%"
"07/04/2023","0.082","0.085","0.085","0.082","1.48M","-2.38%"
"07/03/2023","0.084","0.085","0.086","0.084","446.45K","-2.33%"
"07/02/2023","0.086","0.086","0.087","0.085","1.65M","3.61%"
"06/26/2023","0.083","0.084","0.085","0.083","1.22M","-1.19%"
"06/25/2023","0.084","0.080","0.084","0.080","1.06M","-1.68%"
"06/22/2023","0.085","0.085","0.086","0.085","558.43K","2.33%"
"06/21/2023","0.083","0.084","0.085","0.083","498.41K","-1.15%"
"06/20/2023","0.084","0.084","0.086","0.084","837.88K","0.00%"
"06/19/2023","0.084","0.086","0.086","0.084","132.77K","-2.25%"
"06/18/2023","0.086","0.086","0.086","0.086","4.63K","1.14%"
"06/15/2023","0.085","0.086","0.086","0.085","392.82K","-4.00%"
"06/14/2023","0.089","0.089","0.089","0.089","178.00K","1.14%"
"06/13/2023","0.088","0.090","0.090","0.088","69.50K","-1.12%"
"06/12/2023","0.089","0.090","0.090","0.089","608.19K","0.00%"
"06/11/2023","0.089","0.090","0.090","0.088","511.70K","-1.11%"
"06/08/2023","0.090","0.090","0.090","0.089","214.20K","0.00%"
"06/07/2023","0.090","0.090","0.091","0.090","270.34K","-1.10%"
"06/06/2023","0.091","0.091","0.091","0.090","384.13K","0.00%"
"06/05/2023","0.091","0.091","0.091","0.091","5.85K","-1.09%"
"06/04/2023","0.092","0.092","0.092","0.091","73.73K","0.00%"
"06/01/2023","0.092","0.092","0.093","0.092","180.10K","1.10%"
"05/31/2023","0.091","0.092","0.092","0.091","1.32M","-3.19%"
"05/30/2023","0.094","0.094","0.094","0.093","747.90K","1.08%"
"05/29/2023","0.093","0.090","0.093","0.089","2.69M","8.14%"
"05/28/2023","0.086","0.085","0.086","0.084","302.90K","1.18%"
"05/25/2023","0.085","0.085","0.085","0.085","0.35K","0.00%"
"05/24/2023","0.085","0.086","0.086","0.085","12.30K","-1.16%"
"05/23/2023","0.086","0.086","0.086","0.085","401.55K","-1.15%"
"05/22/2023","0.087","0.086","0.087","0.086","25.00K","0.00%"
"05/21/2023","0.087","0.088","0.088","0.087","290.89K","-2.25%"
"05/18/2023","0.089","0.089","0.089","0.089","188.32K","-1.11%"
"05/17/2023","0.090","0.091","0.091","0.090","845.46K","1.12%"
"05/16/2023","0.089","0.089","0.089","0.089","87.60K","-1.11%"
"05/15/2023","0.090","0.093","0.093","0.090","570.53K","-2.17%"
"05/14/2023","0.092","0.084","0.094","0.084","8.06M","5.75%"
"05/11/2023","0.087","0.087","0.087","0.087","86.50K","-1.14%"
"05/10/2023","0.088","0.090","0.090","0.088","982.56K","-1.12%"
"05/09/2023","0.089","0.090","0.092","0.089","3.06M","-1.11%"
"05/08/2023","0.090","0.089","0.090","0.087","2.43M","2.27%"
"05/07/2023","0.088","0.086","0.090","0.086","3.43M","2.33%"
"05/04/2023","0.086","0.083","0.086","0.083","2.28M","4.88%"
"05/03/2023","0.082","0.083","0.083","0.082","576.30K","-2.38%"
"05/02/2023","0.084","0.084","0.084","0.083","522.00K","0.00%"
"05/01/2023","0.084","0.084","0.085","0.084","416.84K","1.20%"
"04/30/2023","0.083","0.085","0.085","0.082","2.09M","-2.35%"
"04/27/2023","0.085","0.087","0.087","0.085","524.45K","-1.16%"
"04/26/2023","0.086","0.085","0.087","0.085","1.75M","3.61%"
"04/25/2023","0.083","0.083","0.084","0.082","1.01M","0.00%"
"04/19/2023","0.083","0.083","0.083","0.082","152.41K","1.22%"
"04/18/2023","0.082","0.083","0.083","0.082","145.29K","-1.20%"
"04/17/2023","0.083","0.084","0.084","0.082","799.93K","-1.19%"
"04/16/2023","0.084","0.084","0.084","0.084","53.00K","0.00%"
"04/13/2023","0.084","0.085","0.085","0.084","4.72K","-2.33%"
"04/12/2023","0.086","0.084","0.086","0.084","133.66K","1.18%"
"04/11/2023","0.085","0.086","0.086","0.085","474.19K","-1.16%"
"04/10/2023","0.086","0.085","0.086","0.085","153.72K","0.00%"
"04/09/2023","0.086","0.086","0.087","0.085","80.50K","-1.15%"
"04/06/2023","0.087","0.087","0.087","0.087","106.64K","0.00%"
"04/05/2023","0.087","0.089","0.089","0.086","389.85K","-2.25%"
"04/04/2023","0.089","0.089","0.090","0.088","278.93K","1.14%"
"04/03/2023","0.088","0.087","0.089","0.087","385.87K","2.33%"
"04/02/2023","0.086","0.085","0.086","0.084","174.53K","1.18%"
"03/30/2023","0.085","0.081","0.085","0.081","135.50K","6.25%"
"03/29/2023","0.080","0.078","0.080","0.078","148.63K","1.27%"
"03/28/2023","0.079","0.079","0.079","0.079","115.78K","6.76%"
"03/22/2023","0.074","0.075","0.075","0.074","10.00K","-5.13%"
"03/21/2023","0.078","0.075","0.078","0.075","178.48K","5.41%"
"03/13/2023","0.074","0.075","0.075","0.074","139.10K","-3.90%"
"03/09/2023","0.077","0.077","0.077","0.077","25.96K","-1.28%"
"03/08/2023","0.078","0.078","0.078","0.078","12.31K","0.00%"
"03/07/2023","0.078","0.077","0.079","0.074","13.62K","-2.50%"
"03/02/2023","0.080","0.079","0.080","0.079","142.06K","1.27%"
"03/01/2023","0.079","0.079","0.079","0.079","51.85K","0.00%"
"02/26/2023","0.079","0.078","0.079","0.078","124.24K","-1.25%"
"02/23/2023","0.080","0.079","0.080","0.077","257.41K","1.27%"
"02/22/2023","0.079","0.079","0.081","0.079","117.10K","-1.25%"
"02/21/2023","0.080","0.080","0.080","0.080","36.70K","0.00%"
"02/20/2023","0.080","0.080","0.080","0.080","2.86K","0.00%"
"02/16/2023","0.080","0.078","0.083","0.078","70.00K","-3.61%"
"02/13/2023","0.083","0.080","0.083","0.080","20.00K","-2.35%"
"02/12/2023","0.085","0.080","0.085","0.080","2.04K","-1.16%"
"02/05/2023","0.086","0.082","0.086","0.082","25.64K","6.17%"
"02/01/2023","0.081","0.081","0.081","0.081","21.67K","1.25%"
"01/31/2023","0.080","0.080","0.080","0.079","73.85K","-1.23%"
"01/30/2023","0.081","0.082","0.083","0.081","76.29K","1.25%"
"01/29/2023","0.080","0.080","0.080","0.080","10.00K","0.00%"
"01/26/2023","0.080","0.078","0.080","0.077","64.36K","-5.88%"
"01/24/2023","0.085","0.085","0.085","0.085","4.00K","-1.16%"